F1 Score  : 0.8881889763779527
Precision : 0.8757763975155279
Recall    : 0.9009584664536742
Accuracy  : 0.8904320987654321