AUC ROC Score : 0.8657407407407407
F1 Score  : 0.8663594470046083
Precision : 0.8623853211009175
Recall    : 0.8703703703703703
Accuracy  : 0.8657407407407407
